cycle_id_m	-18	-17	-16	-15	-14	-13	-12	-11	-10	-9	-8	-7	-6	-5	-4	-3	-2	-1	0	1	2	3	4	5	6	7
004d6037ee048fb497e227b7aebdc018f8101e82_4	0	0	0	0	0	0	0	0	0	0	0	0	0	0	0	0	0	0	1	0	0	0	0	0	0	0
004d6037ee048fb497e227b7aebdc018f8101e82_5	0	0	0	0	0	0	0	0	0	0	0	0	0	1	0	0	0	0	0	1	0	0	0	0	0	0
004d6037ee048fb497e227b7aebdc018f8101e82_6	0	0	0	0	0	0	0	0	0	0	0	0	0	0	0	0	1	1	0	0	0	0	0	0	0	0
004d6037ee048fb497e227b7aebdc018f8101e82_10	0	0	0	0	0	0	0	0	0	0	0	0	0	0	0	0	0	0	1	0	0	0	0	0	0	0
004e472991e8c87c0caf919f191c7903329f87cb_2	0	0	0	0	0	0	0	0	0	0	0	0	0	0	1	1	1	1	1	1	1	0	0	0	0	0
004e472991e8c87c0caf919f191c7903329f87cb_3	0	0	0	0	0	0	0	0	0	0	0	0	0	0	0	0	1	1	1	1	0	0	1	1	0	0
004e472991e8c87c0caf919f191c7903329f87cb_4	0	0	0	0	0	0	0	0	0	0	0	0	0	0	1	0	0	0	0	0	0	0	0	0	0	0
004e472991e8c87c0caf919f191c7903329f87cb_5	0	0	0	0	0	0	0	0	0	0	0	0	0	0	0	1	0	0	1	1	1	0	0	0	0	0
004e472991e8c87c0caf919f191c7903329f87cb_6	0	0	0	0	0	0	0	0	0	0	0	0	0	0	0	0	0	0	0	1	0	0	0	0	0	0
004e472991e8c87c0caf919f191c7903329f87cb_7	0	0	0	0	0	0	0	0	0	0	0	0	0	0	1	0	0	0	1	1	0	0	0	0	0	1
004e472991e8c87c0caf919f191c7903329f87cb_8	0	0	0	0	0	0	0	0	0	0	0	1	1	0	1	0	0	1	0	0	0	0	0	0	0	0
004e472991e8c87c0caf919f191c7903329f87cb_9	0	0	0	0	0	0	0	0	0	0	0	0	1	1	1	1	1	1	1	1	1	1	0	0	0	0
006efe5f7775cb461de2bf210ed7f89a47bc5f2c_2	0	0	0	0	0	0	0	0	0	0	0	0	0	0	0	1	0	0	0	0	0	0	0	0	0	0
006efe5f7775cb461de2bf210ed7f89a47bc5f2c_7	0	0	0	0	0	0	0	0	0	0	0	0	0	0	0	0	0	0	1	0	0	0	0	0	0	0
00824fe16f8604e46834750d48900e00ace41f42_2	0	0	0	0	0	0	0	0	0	0	0	0	0	0	0	0	0	0	1	0	0	0	0	0	0	0
00824fe16f8604e46834750d48900e00ace41f42_3	0	0	0	0	0	0	0	0	0	0	0	0	0	0	0	0	1	0	0	0	0	0	0	0	0	0
00824fe16f8604e46834750d48900e00ace41f42_7	0	0	0	0	0	0	0	0	0	0	0	0	0	0	0	0	1	1	0	0	0	0	0	0	0	0
00824fe16f8604e46834750d48900e00ace41f42_9	0	0	0	0	0	0	0	0	0	0	0	0	0	0	0	0	0	1	1	1	0	0	0	0	0	0
00824fe16f8604e46834750d48900e00ace41f42_14	0	0	0	0	0	0	0	0	0	0	0	0	0	0	0	0	0	0	0	0	0	1	0	0	0	0
00824fe16f8604e46834750d48900e00ace41f42_15	0	0	0	0	0	0	0	0	0	0	0	0	0	0	0	0	0	1	1	1	0	0	0	0	0	0
